23
41
56
20
56
7
37
95
72
37
52
46
19
10
124
14
20
25
34
38
26
8
24
32
13
59
34
27
42
15
14
38
45
17
19
18
8
29
34
20
14
34
34
29
26
35
63
27
80
12
69
34
11
125
30
13
72
17
41
12
6
17
67
6
33
8
54
7
36
22
16
54
48
39
9
57
9
138
90
15
121
25
22
23
37
13
35
6
51
20
77
30
13
99
20
16
6
6
137
8
9
36
16
16
31
17
62
40
12
16
30
12
30
111
12
33
20
91
63
10
66
33
72
9
15
17
15
30
25
17
96
9
13
96
43
68
136
77
52
48
15
19
22
38
94
20
45
49
77
71
63
23
13
44
22
30
20
34
6
8
45
94
40
24
27
17
14
9
65
38
95
19
8
27
19
18
23
12
19
12
82
21
53
12
9
52
12
20
103
55
22
70
11
46
21
24
35
55
13
56
62
57
45
16
93
12
18
27
32
15
45
39
44
10
28
12
25
82
12
11
55
14
19
77
116
54
80
16
10
9
24
46
6
7
55
6
10
20
21
14
7
55
25
21
33
28
6
137
66
56
63
12
68
9
102
73
73
32
55
146
26
26
33
58
40
25
27
20
17
74
26
47
9
112
7
47
39
6
61
44
6
26
53
45
161
7
6
31
19
39
36
18
58
25
11
7
32
41
55
28
30
91
44
101
24
36
8
32
68
6
24
6
7
52
50
13
43
14
41
10
30
22
27
26
9
61
106
22
57
18
38
7
41
17
65
29
16
11
31
28
18
7
98
10
48
32
30
14
21
10
28
82
64
16
10
25
183
15
75
52
30
52
6
16
32
60
45
33
62
26
207
7
52
29
43
6
29
23
21
24
9
34
21
23
6
31
7
36
35
23
119
23
35
15
8
12
6
70
20
8
77
6
25
10
14
8
33
10
20
8
6
36
112
7
50
115
13
38
40
28
55
7
73
8
118
11
7
30
26
7
33
14
11
46
14
23
10
6
45
13
69
78
12
17
12
55
16
18
6
27
15
63
105
97
6
42
77
49
33
8
94
14
13
12
21
38
30
29
54
70
28
11
18
11
61
7
24
54
30
28
6
21
25
69
67
36
8
28
26
16
7
54
17
12
23
26
21
36
6
35
39
22
23
7
52
161
11
23
83
25
30
77
10
22
25
11
11
13
18
38
11
85
12
10
15
20
34
13
20
6
17
13
35
17
10
29
23
19
28
41
19
51
6
51
24
14
52
26
14
59
20
17
49
11
34
77
