20
26
66
48
46
30
16
9
9
9
192
72
20
70
10
26
34
11
61
45
26
36
35
16
34
37
56
47
15
29
19
16
49
17
64
23
61
21
68
9
48
55
26
42
25
38
101
19
67
63
82
105
45
115
34
33
13
20
6
73
41
34
35
100
32
19
31
62
10
73
6
39
124
10
50
24
18
17
9
18
18
21
13
88
45
30
15
37
28
53
83
47
33
18
8
83
50
85
13
46
23
83
56
124
17
36
47
10
43
48
7
207
16
24
12
18
81
45
8
52
12
49
10
9
104
6
52
13
16
7
24
49
51
12
48
48
38
51
30
17
26
107
7
17
7
45
51
68
14
11
31
7
7
8
10
45
37
9
36
47
58
58
11
35
83
60
90
68
121
6
37
24
50
36
10
24
13
23
13
49
80
125
37
38
39
35
27
98
16
36
19
16
15
16
99
15
10
27
25
20
82
17
13
35
18
21
34
25
56
31
6
27
17
10
12
39
35
20
23
6
6
59
30
6
6
10
37
84
12
12
28
21
54
41
48
13
7
11
6
20
33
117
12
28
8
20
27
27
39
17
6
8
49
199
30
6
18
44
75
125
15
6
51
45
24
17
30
6
25
75
12
38
12
130
40
44
18
9
43
18
19
9
8
20
7
71
127
61
35
11
31
17
24
7
10
13
11
12
17
19
23
55
119
10
106
11
17
16
10
6
13
22
15
17
7
27
38
26
7
133
25
39
37
36
17
11
54
10
39
20
26
9
19
10
45
69
15
13
6
25
49
17
18
18
40
7
8
44
8
9
28
11
104
61
18
33
43
48
8
17
86
13
9
15
21
15
58
12
6
71
23
42
55
14
6
29
41
23
24
8
17
32
42
45
8
12
6
129
13
12
16
18
9
68
18
10
38
66
16
12
6
10
18
87
22
6
35
21
6
22
23
8
33
19
153
81
12
7
21
13
25
8
6
19
18
75
14
64
8
7
46
29
40
7
7
10
6
27
37
41
48
17
14
68
10
25
33
25
7
8
12
7
6
6
6
6
36
32
11
13
20
36
6
23
6
83
10
7
31
35
63
37
6
6
42
34
8
6
63
25
8
6
27
24
24
9
29
6
19
46
42
13
24
30
6
34
6
11
50
8
71
50
6
89
24
10
6
33
18
6
6
26
9
50
31
26
12
12
68
108
17
36
39
16
16
15
76
18
6
21
7
15
10
22
10
42
16
43
54
33
9
70
7
16
27
81
23
16
22
56
10
15
22
7
22
24
9
9
64
11
121
42
7
33
16
6
6
13
12
66
67
27
12
13
8
22
16
11
24
49
147
18
9
21
13
17
14
31
48
62
85
10
34
33
43
10
44
100
12
95
37
49
21
16
9
124
43
19
41
30
11
40
22
35
21
30
11
10
26
25
6
14
32
7
15
72
23
38
22
13
10
6
21
39
24
6
7
17
16
67
26
79
10
17
14
28
10
23
7
44
9
46
6
19
6
125
42
87
8
35
33
218
12
17
89
9
24
48
109
8
12
77
66
12
13
30
55
25
24
11
17
26
7
14
17
12
32
7
20
19
54
15
37
30
15
15
10
100
14
6
8
28
58
8
204
6
13
6
22
23
9
15
19
29
70
6
114
15
12
92
7
114
50
7
7
96
6
6
7
27
7
14
28
113
76
83
20
58
7
60
6
20
20
15
15
8
50
81
17
67
184
6
23
112
81
19
10
40
18
25
6
8
41
35
30
65
17
8
28
6
18
27
53
25
6
68
33
57
43
15
23
51
26
8
11
47
40
11
15
18
25
36
45
11
44
30
20
38
16
24
85
6
31
115
10
24
19
31
31
15
18
43
39
12
7
11
7
47
43
97
91
6
27
6
16
6
41
40
47
60
8
10
8
15
15
10
24
24
26
23
65
111
38
14
100
17
30
12
7
31
19
42
51
15
36
77
98
28
14
8
8
30
12
11
103
37
17
58
8
66
30
47
9
10
6
12
43
122
7
88
15
17
8
21
7
26
52
57
28
12
121
33
98
6
17
9
54
20
7
6
59
39
18
66
11
15
65
7
26
7
20
8
66
17
14
38
23
23
9
14
29
21
7
25
84
20
24
6
7
90
35
118
22
6
30
50
10
6
15
23
63
12
20
79
16
39
40
20
11
17
89
66
32
20
11
87
10
6
25
20
18
12
92
35
25
31
8
24
11
6
10
41
52
48
43
29
14
36
25
72
16
14
23
34
12
13
21
6
137
21
45
29
43
113
6
13
9
24
48
33
31
16
9
22
43
120
49
9
6
12
38
7
57
9
15
55
12
67
45
36
46
46
25
6
28
67
31
34
7
38
12
8
67
11
53
21
6
21
173
41
84
21
33
43
57
34
32
10
17
39
42
55
7
14
49
6
11
9
27
54
20
24
61
41
37
32
78
6
6
96
83
66
33
38
139
44
62
36
13
26
48
15
100
13
15
82
32
7
16
8
31
7
47
41
43
44
49
19
47
8
14
56
7
11
20
6
27
8
36
37
6
6
32
43
22
20
25
31
34
25
22
9
71
7
7
14
55
39
31
14
53
66
29
27
50
30
17
9
7
85
21
33
33
44
21
47
7
7
6
16
19
30
50
54
60
15
125
17
8
37
44
7
7
8
68
39
15
17
73
35
21
21
22
103
51
37
13
6
29
73
41
53
9
21
7
128
27
7
124
46
18
47
10
20
14
82
31
8
40
34
30
16
17
38
85
18
85
26
68
60
76
98
6
74
11
21
6
25
11
13
12
6
6
6
18
6
11
97
8
15
10
6
6
23
6
36
6
29
6
6
14
7
6
14
6
6
83
40
32
19
6
6
6
7
144
6
30
12
16
6
6
16
6
24
6
7
6
6
8
6
6
16
6
7
6
23
7
17
6
17
6
8
7
26
6
6
7
6
49
6
6
6
12
9
6
8
27
23
6
6
6
6
6
6
6
16
57
6
28
6
6
8
19
6
33
11
32
11
15
6
6
12
61
9
6
6
6
13
6
7
12
6
7
7
16
6
9
6
6
46
28
42
7
6
6
6
6
6
9
7
8
6
6
6
23
30
19
9
6
26
43
7
6
7
6
10
6
7
6
6
52
6
76
34
27
6
8
8
14
6
16
33
194
8
8
27
6
16
63
31
27
6
6
75
29
65
48
47
6
6
25
11
8
40
7
12
92
24
10
77
9
6
6
30
65
19
34
14
27
85
25
46
65
8
6
33
11
6
8
20
17
14
6
8
59
43
7
47
61
50
6
79
23
8
6
11
34
72
15
22
6
6
14
6
6
46
15
23
18
34
57
47
32
7
12
21
70
54
21
7
45
6
31
7
6
8
8
7
7
6
132
6
60
8
14
31
7
29
73
6
107
20
6
15
40
6
43
45
7
12
22
6
22
46
11
6
6
29
88
6
7
7
21
6
146
26
6
16
17
42
11
42
22
7
15
6
45
18
6
18
88
37
7
23
41
20
6
6
6
68
6
63
54
6
24
41
49
10
27
23
55
19
43
7
6
6
6
45
24
7
35
10
10
34
26
42
6
59
6
64
20
7
10
6
11
13
8
9
6
10
6
7
24
6
12
7
6
51
20
29
29
6
24
35
6
68
37
6
11
33
8
31
14
32
11
23
6
79
89
22
6
18
30
42
41
30
6
51
20
6
95
6
6
53
17
11
7
6
59
6
45
10
6
22
24
80
6
7
7
59
8
6
28
6
83
8
59
37
146
6
39
43
43
20
75
6
85
6
15
57
6
6
7
7
42
7
7
6
17
10
9
11
6
25
7
46
48
51
22
6
28
18
40
6
6
83
16
9
7
116
29
149
16
6
48
10
24
6
20
53
6
6
46
11
6
98
10
9
12
35
6
8
13
23
33
10
7
21
17
45
8
7
6
10
12
52
150
31
50
22
39
9
70
8
35
42
8
23
6
26
7
39
84
10
19
35
13
123
9
8
20
51
8
59
32
19
41
6
6
26
32
6
8
63
18
6
49
56
11
10
6
6
47
20
22
25
12
69
61
6
14
23
54
18
24
19
6
25
74
40
28
6
122
7
6
46
6
6
7
46
6
45
37
52
7
103
26
73
10
41
7
110
26
21
34
12
46
103
96
22
55
7
55
23
28
105
71
20
11
42
27
33
14
45
10
20
25
16
78
6
6
13
53
9
23
15
13
6
98
9
25
14
60
32
11
44
6
6
38
6
117
147
32
55
84
12
8
17
20
41
58
6
54
12
24
8
9
22
32
7
14
73
6
6
18
6
23
35
47
44
23
49
15
9
48
41
15
9
7
26
8
20
43
10
60
6
6
65
7
38
49
6
6
7
27
89
47
36
10
6
23
18
19
21
10
6
14
63
9
26
28
6
6
7
13
99
70
16
6
31
11
15
44
36
88
55
12
7
6
7
29
7
19
31
15
14
12
71
50
25
8
119
7
30
36
53
6
28
6
29
11
25
18
32
56
7
11
15
104
10
6
21
58
49
40
21
144
57
6
45
31
15
73
25
22
10
7
23
48
22
6
54
6
8
34
13
6
14
27
28
40
7
13
6
22
53
36
16
13
60
29
50
6
11
35
27
40
7
33
6
48
22
29
7
10
6
28
63
39
22
47
6
55
20
30
151
25
10
64
74
6
55
21
10
6
6
28
6
107
31
20
17
6
23
21
19
10
7
148
52
20
26
20
8
97
34
11
110
6
30
54
39
6
18
120
22
58
7
6
34
25
7
14
6
94
28
25
19
59
10
39
98
33
33
33
6
6
11
88
12
12
61
39
13
19
16
6
13
15
96
6
9
14
9
40
100
40
15
10
24
6
6
61
26
15
16
32
14
36
6
19
19
46
6
8
10
6
48
31
13
20
20
92
46
40
10
12
6
6
7
25
35
6
15
57
6
21
44
6
38
29
9
6
6
26
15
6
13
6
6
16
10
32
8
18
45
43
96
96
7
44
88
6
29
6
28
6
67
6
6
13
42
68
8
6
19
23
72
25
44
63
18
24
46
29
10
17
33
109
120
30
8
65
40
15
6
33
21
56
10
18
12
16
55
6
9
18
46
24
6
40
36
6
57
13
44
9
28
42
14
12
38
18
15
41
20
31
6
9
13
62
52
38
19
14
44
9
8
48
69
57
12
17
147
13
35
24
16
19
16
11
54
12
15
6
24
22
21
16
6
23
8
14
135
39
27
61
29
6
6
6
11
44
76
6
33
29
34
21
18
18
111
11
34
6
6
29
22
6
44
6
7
23
6
76
32
6
11
12
17
48
12
72
28
6
35
6
13
38
20
6
8
53
75
6
66
39
8
22
29
16
120
20
47
16
14
6
103
43
37
8
152
6
21
13
70
31
14
16
75
57
23
24
38
31
20
21
16
49
21
16
6
7
23
25
48
29
16
41
8
11
10
81
22
23
61
45
11
23
21
58
6
13
36
140
7
20
6
6
55
40
17
7
50
96
20
6
7
33
11
6
6
64
6
60
14
6
12
6
26
19
15
15
23
13
14
24
32
35
27
19
8
9
13
21
83
46
11
18
6
68
6
6
31
16
152
19
6
9
24
20
12
6
19
6
12
11
103
129
6
34
6
8
22
15
76
11
8
13
20
14
37
27
62
104
115
20
11
17
245
6
21
7
6
115
43
6
13
10
87
45
7
8
6
6
62
23
55
76
85
34
11
24
6
17
6
118
6
12
38
72
6
7
7
7
43
19
27
46
9
25
28
36
6
30
14
6
60
6
17
8
10
7
33
26
54
36
57
12
44
93
61
24
10
6
26
25
6
17
32
132
50
17
6
8
31
66
21
6
6
56
42
14
116
40
83
22
10
22
121
32
12
49
107
6
9
84
14
105
21
18
25
6
12
6
40
7
37
6
21
20
43
14
48
10
7
50
18
8
10
25
24
6
17
156
8
71
31
61
6
198
6
26
122
6
11
168
6
58
32
6
6
23
13
6
6
31
6
62
17
9
59
54
13
21
48
39
6
6
14
21
8
62
7
6
25
11
22
19
93
70
63
16
16
6
34
13
33
80
83
31
9
7
17
20
6
53
7
6
66
8
91
12
15
27
15
6
9
11
10
44
21
7
11
62
6
8
32
13
9
21
20
6
23
21
14
6
63
6
19
13
6
165
7
43
32
7
32
44
7
6
6
7
14
8
129
6
6
29
24
45
16
14
6
17
33
36
6
6
31
21
26
8
34
62
25
54
28
11
20
11
12
6
53
83
23
19
12
7
22
7
29
45
14
10
26
21
51
6
6
31
19
31
43
32
28
31
23
49
6
57
6
20
38
34
37
79
14
9
17
7
27
11
50
20
68
12
44
7
18
18
40
7
6
7
7
14
6
6
7
26
6
111
9
6
24
7
75
18
37
20
27
25
41
44
17
25
38
14
41
79
8
21
87
16
39
16
16
9
66
21
16
13
70
19
8
19
13
91
14
19
34
8
6
29
28
60
17
42
9
13
45
7
12
31
27
14
6
8
34
15
19
37
8
29
102
67
24
6
35
17
31
51
99
6
11
67
28
55
15
16
7
77
15
57
77
118
24
6
45
77
6
6
8
12
6
45
11
10
30
71
12
26
8
8
37
17
8
38
16
18
14
45
12
6
16
9
8
39
11
85
6
34
6
7
6
6
14
19
44
27
59
9
32
15
18
14
9
6
96
56
48
12
6
6
22
28
6
11
20
90
28
33
88
6
8
16
20
39
7
10
24
24
50
6
26
30
64
24
34
7
74
107
18
17
120
43
11
30
7
23
24
25
40
6
75
132
28
85
17
59
45
70
35
16
12
43
123
43
8
19
9
39
22
6
6
9
54
22
18
44
65
63
44
91
31
44
112
34
15
88
14
71
14
35
81
23
51
40
9
17
35
99
12
18
48
67
10
60
31
60
13
7
22
48
52
6
6
93
8
93
6
21
65
47
55
31
23
21
12
36
8
15
70
53
7
44
26
18
8
10
57
16
6
26
20
6
61
50
12
46
18
34
55
37
6
42
6
58
10
17
15
12
38
79
6
7
6
9
16
6
66
68
16
7
10
19
7
6
6
6
36
120
37
46
107
13
38
51
27
21
23
10
7
10
24
27
6
19
39
18
7
17
22
13
42
36
9
6
17
34
8
6
66
53
8
25
6
16
52
8
37
12
6
6
8
13
28
117
7
6
6
35
90
7
7
9
49
7
23
6
83
17
25
10
52
32
8
6
72
22
69
15
46
49
6
71
13
22
20
8
8
21
9
31
9
6
33
16
6
6
7
47
49
31
18
36
58
73
10
49
8
48
41
8
6
6
19
8
6
12
6
26
6
6
9
20
6
62
6
6
6
8
20
10
10
10
7
6
6
6
7
6
245
64
9
48
7
6
6
7
10
6
274
7
18
7
6
8
51
22
6
15
57
23
6
9
55
6
6
6
8
12
30
51
6
8
13
8
7
10
37
6
25
6
6
7
94
67
15
6
50
54
6
23
46
182
21
16
35
6
6
6
26
15
49
39
34
27
38
110
12
16
14
6
20
18
6
7
6
16
6
75
25
23
11
34
7
14
6
42
17
11
6
6
8
7
6
104
18
20
6
27
11
27
12
20
6
17
18
6
30
6
17
24
6
7
55
69
21
6
6
6
6
63
37
6
6
14
6
26
17
73
6
21
56
22
10
6
34
10
36
6
32
8
40
8
13
6
9
7
20
9
6
47
6
6
53
8
41
26
13
60
64
60
7
6
6
8
6
6
22
6
72
6
54
14
6
6
31
9
12
6
30
10
57
9
6
6
6
70
36
14
105
11
14
7
7
68
6
6
16
46
6
71
149
6
8
7
8
112
35
10
42
31
6
12
15
6
78
6
6
15
6
68
7
6
6
6
29
32
6
6
6
6
6
7
6
55
7
16
26
10
11
7
9
43
22
19
30
78
107
15
6
6
55
21
6
6
6
6
30
102
20
86
9
58
25
16
6
23
6
9
6
16
23
24
134
28
14
25
6
6
87
16
6
6
7
6
6
6
7
28
6
12
6
117
6
6
6
6
7
42
6
6
83
6
6
6
6
12
105
6
6
6
36
8
6
34
7
6
6
6
55
21
74
6
11
6
18
6
23
7
6
6
20
7
15
6
6
34
22
6
6
6
55
6
6
6
21
36
17
62
8
28
20
27
20
11
7
11
34
57
37
8
6
19
23
12
17
13
9
32
26
11
6
7
6
12
6
20
6
6
10
6
29
40
23
6
9
9
22
96
7
17
57
6
11
14
19
10
39
24
27
31
49
27
14
32
20
51
23
35
96
24
6
34
29
6
31
6
53
49
43
11
14
31
11
39
8
18
13
15
24
24
8
31
7
7
50
18
14
6
45
40
115
86
7
11
39
36
118
33
49
12
61
92
61
6
40
46
24
54
7
10
12
7
76
19
12
37
110
18
33
10
51
10
38
82
48
53
45
36
35
26
40
79
16
12
6
8
9
39
17
18
76
7
40
27
11
19
26
48
35
12
10
45
54
7
36
46
11
9
6
208
41
15
40
29
101
37
44
87
8
54
9
59
58
8
26
42
6
33
25
6
17
19
25
36
24
22
14
51
83
7
20
62
6
33
13
65
6
6
67
160
8
10
24
9
25
7
9
15
56
26
35
31
27
41
20
42
46
17
148
6
50
27
12
27
11
51
62
34
67
6
23
17
63
14
13
24
10
14
33
23
87
7
20
15
19
8
8
29
10
17
161
12
86
53
80
22
66
31
57
15
189
13
49
27
13
15
67
39
11
44
18
10
10
38
37
34
6
32
21
20
33
11
17
35
6
49
10
56
13
49
29
27
19
31
68
31
19
32
6
90
57
11
11
70
22
14
10
17
10
34
19
12
52
10
25
15
49
27
28
37
94
32
43
7
54
102
33
6
16
50
23
17
26
20
13
24
10
30
33
20
31
8
13
13
10
31
58
31
56
23
101
7
8
80
43
12
34
39
7
35
52
14
7
16
39
12
64
59
99
60
7
11
37
35
46
37
19
11
26
57
21
7
16
30
20
22
11
10
22
14
6
11
15
16
8
25
70
24
54
7
8
14
26
35
30
17
18
19
44
132
47
63
80
18
24
87
39
7
7
35
80
26
30
80
16
9
45
24
9
113
29
8
14
16
14
7
37
67
20
22
11
46
54
43
123
39
10
44
44
7
21
21
84
39
38
8
25
27
49
10
16
15
111
31
13
66
14
10
33
25
17
52
34
11
57
38
56
13
27
49
31
6
60
23
51
82
22
9
35
86
49
46
48
30
89
68
23
10
14
23
58
45
20
76
21
27
29
7
12
39
10
14
38
33
87
57
17
121
8
25
10
96
135
32
8
6
31
51
26
7
18
11
20
29
86
84
85
23
7
34
21
14
60
18
84
70
14
11
19
35
45
8
57
38
46
6
8
18
54
40
19
14
9
34
9
122
26
82
12
7
41
30
69
7
80
14
42
46
12
19
68
32
15
23
9
94
9
6
41
45
94
29
114
91
65
19
106
24
16
52
35
39
42
51
8
25
69
11
49
44
6
24
26
7
12
49
11
12
83
26
30
17
25
12
96
13
58
30
35
12
41
87
54
85
17
160
26
11
9
13
60
13
29
16
17
124
11
50
40
30
15
31
54
14
19
27
30
40
14
9
61
6
6
20
23
20
13
43
8
36
16
7
46
7
75
61
11
27
7
11
27
6
87
10
6
14
25
96
10
136
15
56
17
30
165
10
56
6
11
29
79
20
28
65
40
52
68
32
17
209
16
85
38
25
80
11
6
97
136
21
14
50
15
138
98
7
43
15
12
36
14
88
10
114
22
11
8
8
61
43
12
6
11
59
10
8
7
67
56
23
19
89
24
10
33
13
11
52
108
12
6
27
25
63
12
27
9
14
8
9
30
75
109
34
15
195
23
21
50
14
9
22
40
73
9
40
13
44
16
48
41
46
28
14
42
18
18
58
25
7
30
31
11
42
29
84
61
101
92
19
20
45
76
92
29
73
8
35
72
26
7
20
11
29
9
12
58
33
38
20
6
20
8
10
72
71
19
15
39
35
27
14
11
48
11
59
50
42
39
19
57
20
27
17
40
8
35
12
29
84
50
49
7
44
27
19
226
7
84
53
104
10
28
18
107
22
11
45
12
18
42
26
18
74
76
80
9
12
14
11
132
34
15
82
51
15
17
53
31
51
7
7
7
22
12
8
43
6
30
37
60
13
7
16
15
17
26
144
18
19
8
31
26
57
23
38
27
10
18
9
30
62
52
31
27
13
25
14
48
20
8
13
13
97
25
16
10
19
9
8
7
8
20
20
76
12
95
93
21
12
8
49
32
21
13
51
30
49
56
51
8
41
12
32
15
162
11
18
45
24
15
7
28
63
25
25
17
17
19
16
19
93
22
6
10
36
11
13
113
46
49
43
47
57
21
7
71
26
6
7
38
45
6
7
8
34
7
36
20
23
7
30
15
32
8
21
40
15
21
112
16
65
7
44
14
32
36
42
24
23
30
26
24
6
83
94
54
16
72
32
44
32
15
27
70
15
11
55
46
7
30
19
67
58
33
17
47
29
7
42
32
87
15
57
10
8
28
28
9
8
36
47
21
58
19
65
9
17
11
12
31
19
17
50
8
11
36
64
35
7
54
48
73
21
24
115
36
45
17
38
138
11
16
21
19
39
12
30
15
165
14
29
20
13
133
14
41
31
8
116
20
28
30
25
58
11
44
18
11
125
29
43
16
44
57
68
58
20
11
21
59
20
11
56
9
9
18
49
9
11
12
24
13
48
15
10
21
9
44
61
45
14
69
7
17
54
16
42
10
17
82
8
10
34
40
15
18
32
56
6
14
170
47
20
34
26
54
25
11
22
30
6
13
25
36
20
15
39
49
8
11
66
21
9
58
11
33
12
13
44
9
12
42
23
19
11
9
32
10
34
18
100
13
28
35
48
12
16
23
23
7
27
7
54
40
16
13
8
22
18
16
17
10
16
24
34
68
43
36
45
58
10
34
20
13
117
7
19
23
23
47
153
70
36
30
6
7
7
98
26
74
45
31
13
29
23
8
20
40
16
50
22
101
14
15
47
12
10
40
12
9
7
23
40
16
49
104
9
17
6
77
18
8
16
18
38
65
32
7
34
141
47
22
13
116
13
33
25
12
8
52
53
29
146
8
52
9
14
29
33
70
51
78
47
16
33
7
43
64
7
26
34
37
19
23
7
27
58
27
84
9
22
8
37
121
103
9
63
50
62
21
28
29
67
46
26
22
13
104
18
8
81
22
15
45
80
11
26
67
26
19
9
18
25
19
19
9
18
28
23
24
56
24
43
20
12
7
10
35
76
74
68
11
17
87
22
11
52
16
41
7
26
76
30
15
76
11
18
13
12
10
49
16
22
22
16
136
7
38
26
8
39
6
13
20
7
12
51
36
21
72
24
51
9
34
23
41
54
7
15
19
25
123
38
44
15
69
27
11
14
49
40
8
31
19
24
25
22
86
24
6
67
33
26
38
19
11
104
57
21
7
70
22
57
45
8
51
13
95
13
28
59
11
52
16
22
16
14
104
8
8
7
100
8
7
36
35
15
45
39
10
23
31
22
50
18
149
10
6
37
20
35
12
45
20
26
130
56
19
17
10
53
12
12
28
51
10
41
33
68
6
37
46
75
33
136
12
13
22
23
49
34
15
22
16
33
148
39
23
87
16
7
27
43
77
43
21
22
11
14
10
9
46
64
23
19
36
13
28
60
35
39
114
23
6
12
41
26
20
41
116
19
119
10
12
15
38
7
9
47
19
61
71
34
20
22
8
33
44
24
20
20
20
14
91
59
7
10
23
21
14
11
93
66
29
19
9
30
43
71
51
21
8
28
14
81
33
104
10
32
13
38
38
16
47
18
7
14
47
12
29
6
84
17
21
22
40
15
62
34
65
15
9
113
15
11
8
9
46
15
11
12
18
45
16
17
17
20
24
8
28
19
21
22
30
89
67
32
14
36
23
24
114
25
29
32
35
49
19
27
77
53
16
13
115
11
50
7
26
29
12
46
7
47
15
141
10
17
7
17
18
12
35
8
34
27
8
7
18
23
47
32
48
12
14
9
39
117
80
52
18
54
55
6
13
12
27
53
7
12
41
52
40
28
35
52
66
13
52
14
25
9
9
16
7
72
11
60
123
73
24
36
123
30
72
26
10
39
24
46
6
24
24
36
7
50
10
10
7
25
63
23
24
11
33
126
8
8
17
50
171
19
16
48
11
31
10
9
46
16
9
50
16
67
71
53
52
39
27
34
22
37
21
26
22
22
6
8
39
76
114
102
45
20
79
26
102
37
31
24
31
201
7
23
32
8
9
10
14
7
43
78
98
48
21
6
18
50
45
31
57
104
44
22
6
9
6
6
6
18
22
7
8
8
33
7
89
14
39
17
25
21
44
70
28
17
20
105
16
29
21
6
45
8
40
62
24
40
50
17
31
33
31
23
23
30
16
7
72
7
6
12
17
8
6
22
9
68
87
32
14
15
16
20
52
19
8
48
6
64
129
43
135
22
45
16
7
16
47
7
20
15
15
7
7
18
13
17
23
41
26
6
66
8
23
91
105
9
7
13
6
121
11
25
82
32
91
6
22
33
25
40
40
81
21
17
42
45
6
41
37
11
94
43
6
7
7
15
17
28
10
16
20
46
22
13
33
23
18
20
22
18
33
7
37
40
18
32
7
12
18
8
18
7
29
11
27
7
6
23
18
28
11
34
40
11
8
25
39
15
55
12
86
23
8
10
23
14
8
8
11
37
12
6
19
46
30
14
10
11
37
36
8
38
7
16
9
12
12
8
68
42
6
56
29
27
30
10
80
36
13
11
6
38
6
29
10
7
13
59
120
14
89
28
10
32
11
7
97
13
8
32
44
28
31
21
6
37
12
9
12
31
29
59
19
40
7
56
36
39
25
83
18
138
7
26
16
29
12
10
9
22
18
6
47
11
13
98
14
23
86
69
11
6
19
35
6
14
10
6
24
8
14
25
58
43
33
11
6
59
16
18
6
91
22
59
15
40
58
29
30
67
27
23
7
12
59
19
22
33
32
36
12
47
12
25
26
67
14
78
20
6
129
25
19
31
39
14
32
65
37
42
33
12
46
11
13
23
7
12
21
51
59
84
24
30
59
17
30
20
6
15
8
45
13
6
101
34
45
20
6
12
8
121
74
12
17
9
15
18
74
27
64
33
6
25
7
6
11
28
12
49
19
49
6
8
65
6
90
14
19
8
47
82
41
34
34
112
14
49
9
6
42
29
10
6
13
48
10
31
21
36
6
27
18
6
7
115
22
6
12
7
6
27
38
33
6
38
58
19
25
33
50
39
50
39
29
6
17
192
49
122
99
24
33
7
16
101
37
19
35
12
36
45
44
6
14
13
34
38
12
7
76
12
32
16
15
35
12
10
8
14
53
10
30
74
72
7
9
28
6
6
19
39
6
57
13
7
21
8
6
48
23
43
24
6
15
39
43
6
79
85
7
23
31
7
41
120
77
12
96
13
6
18
46
14
84
38
65
9
48
118
54
7
24
46
61
22
74
63
26
6
16
96
48
36
69
14
11
58
97
6
9
12
26
9
30
20
6
29
11
6
37
76
44
19
19
9
6
19
10
42
6
171
6
52
6
192
6
20
81
27
6
11
56
102
19
10
64
50
83
75
11
7
28
6
83
19
11
12
7
7
36
7
44
74
25
104
26
66
37
10
47
52
7
12
17
50
33
9
18
11
6
19
6
6
33
6
7
37
13
10
27
10
171
13
6
32
31
24
38
60
115
13
56
86
38
36
30
12
26
6
6
17
6
6
30
24
38
9
101
7
33
56
98
63
6
15
6
7
12
9
20
21
12
86
6
24
40
6
6
7
77
37
6
6
10
6
84
174
6
6
63
24
6
38
6
94
10
112
6
216
38
30
10
54
13
15
8
13
52
6
140
6
6
10
6
6
19
8
6
26
7
123
144
6
7
6
6
19
6
9
20
49
12
7
13
21
6
6
39
14
14
33
23
6
23
7
22
124
32
11
15
33
6
47
9
35
6
6
6
28
6
6
6
29
38
6
41
7
6
6
22
6
20
41
6
8
17
87
6
6
21
55
6
6
66
6
6
6
6
6
6
51
14
6
31
32
16
27
6
17
18
29
12
6
34
10
72
7
6
113
31
25
16
21
6
43
47
10
6
6
6
31
33
27
40
6
6
58
44
52
6
26
7
6
127
6
12
11
25
6
6
11
56
50
35
16
6
19
31
7
10
6
22
6
10
19
94
34
6
44
77
41
56
6
6
116
35
57
8
41
51
16
13
11
24
8
6
6
71
19
47
6
25
17
6
6
28
6
8
6
6
14
12
72
13
6
6
6
53
60
19
6
6
21
15
13
6
24
6
8
6
15
51
18
6
11
18
6
82
16
6
9
6
6
17
6
6
6
120
11
45
14
39
6
7
6
7
6
22
8
7
8
23
28
6
70
6
6
53
9
12
6
6
6
18
6
6
6
6
22
6
23
41
6
63
11
6
35
9
6
6
44
110
24
29
18
30
40
42
6
70
32
7
8
8
17
6
13
9
6
6
25
98
9
6
15
6
6
14
15
36
6
69
10
42
39
6
6
125
7
6
31
6
6
27
41
7
6
20
31
6
6
8
22
28
37
12
6
6
6
35
12
6
6
102
6
6
27
47
6
6
7
77
13
11
29
6
77
11
6
9
86
7
6
23
37
6
20
7
6
14
22
7
7
6
6
6
41
48
6
12
6
17
11
6
14
12
6
142
56
106
11
6
11
67
19
7
75
26
6
118
97
11
6
53
33
89
17
13
14
14
46
20
56
44
24
91
6
37
50
6
6
7
21
6
6
91
7
40
45
31
34
11
11
19
6
7
6
25
6
6
87
30
6
6
54
6
9
21
7
7
70
6
6
6
10
6
21
14
17
95
6
23
6
56
9
7
25
9
6
27
19
31
6
24
6
6
69
27
6
31
11
17
13
59
46
21
26
8
6
6
7
6
57
7
6
25
17
21
30
7
57
9
27
40
11
54
44
6
17
8
9
22
6
8
6
6
6
24
21
56
81
109
8
11
18
6
32
6
10
6
8
22
33
49
13
11
88
97
19
16
19
33
6
6
38
32
8
66
25
6
9
44
52
42
99
6
56
54
39
6
17
29
54
6
24
50
6
28
42
6
6
6
38
25
76
8
10
6
13
28
39
6
6
6
6
32
6
33
18
43
7
9
92
6
16
6
6
66
42
6
117
43
8
6
6
21
52
6
86
29
8
119
17
34
65
6
28
20
6
48
69
39
29
11
14
23
6
22
63
39
35
7
23
19
6
6
71
44
71
23
25
6
45
6
27
43
6
13
67
15
20
6
23
32
60
16
78
49
51
24
23
6
8
9
28
44
62
34
43
8
37
28
8
12
13
7
6
6
13
43
23
35
7
22
90
6
16
93
6
10
22
17
20
24
11
25
35
6
9
10
147
6
20
17
44
12
37
64
43
10
8
6
55
6
16
13
14
10
87
6
6
10
6
6
7
41
109
64
27
16
7
6
16
20
46
6
26
7
121
40
18
8
29
6
35
6
34
85
26
21
108
10
87
101
18
6
62
13
11
6
14
45
17
6
15
14
131
23
63
6
17
22
14
28
12
36
65
12
122
12
6
6
20
7
55
6
6
94
32
13
8
38
20
6
7
18
22
55
6
35
6
152
6
15
12
6
10
36
17
20
11
16
8
78
35
64
16
9
6
66
13
6
15
6
20
69
29
7
32
73
6
7
68
55
7
23
6
7
10
6
13
96
26
84
6
6
19
67
6
19
6
109
110
12
6
14
17
10
117
15
6
79
7
34
6
45
16
36
38
6
14
39
8
24
19
16
45
6
6
6
11
6
12
15
40
13
24
31
12
17
55
63
17
16
36
97
45
53
34
66
13
12
58
213
6
13
20
7
20
19
42
6
7
10
6
25
6
45
42
33
48
37
7
7
6
7
6
87
6
27
9
13
7
19
45
6
8
7
19
6
6
47
9
136
17
30
6
6
6
29
6
11
6
27
6
10
73
33
24
6
11
48
10
88
18
29
35
14
17
20
18
49
12
26
14
55
27
26
100
25
26
50
6
11
6
63
7
11
60
8
40
11
9
48
10
45
6
15
60
7
20
198
22
11
6
44
9
19
25
36
6
20
8
51
52
20
71
10
51
6
6
37
15
89
52
8
34
13
14
20
6
30
10
62
11
6
26
22
18
17
6
11
21
10
33
6
88
69
26
47
73
17
52
6
43
17
53
55
6
37
28
21
30
34
54
13
28
6
6
6
34
12
20
37
13
12
35
8
56
33
41
6
6
13
36
27
42
7
6
6
54
15
6
6
12
98
6
11
55
23
38
34
6
74
14
8
6
60
6
46
6
13
6
31
6
61
16
49
44
10
6
15
6
75
13
39
21
8
12
52
6
94
123
10
27
136
24
25
33
65
6
7
17
6
37
69
6
14
45
14
19
6
59
11
77
24
44
22
85
44
6
67
48
6
21
14
16
48
6
6
24
65
35
37
20
33
21
6
13
31
87
28
24
6
27
22
54
42
39
6
6
11
41
27
21
7
77
19
99
48
27
15
7
28
22
8
20
6
168
22
6
10
46
14
24
19
18
56
10
59
55
22
6
32
24
133
9
17
33
9
8
59
58
12
17
18
6
34
6
6
53
6
6
31
30
70
6
21
24
7
33
116
49
7
10
49
47
48
6
26
62
39
143
6
20
6
50
6
14
6
6
7
44
72
19
35
6
67
92
63
12
78
23
6
6
28
77
24
36
8
36
49
6
27
12
6
6
46
32
39
6
54
30
178
8
7
6
6
44
130
7
10
105
26
75
9
6
85
10
16
68
32
66
21
21
54
15
114
79
8
7
9
30
53
6
34
6
55
6
11
13
51
32
70
7
59
43
28
135
18
114
12
42
134
18
18
6
41
22
20
32
12
66
17
59
51
56
97
21
15
48
27
20
11
84
90
44
31
21
55
9
8
81
9
207
6
10
6
6
29
65
18
18
27
63
16
18
33
41
36
6
62
50
8
6
23
85
64
140
34
158
17
14
6
69
42
118
9
21
127
24
47
28
47
47
20
14
43
7
40
6
23
19
17
75
44
63
27
10
63
15
6
65
10
42
24
12
44
37
8
72
25
10
76
35
6
11
39
31
35
32
31
6
72
118
15
54
42
27
19
18
6
18
92
48
69
13
53
50
50
6
75
44
39
20
34
83
6
12
12
6
51
23
40
34
13
16
8
14
27
7
95
73
31
124
126
16
97
13
49
32
69
99
6
6
62
8
46
23
45
92
31
37
37
49
48
6
15
10
50
79
10
63
112
20
26
45
29
8
9
17
53
39
21
61
31
68
10
41
107
8
74
22
6
36
52
55
74
84
16
20
141
20
7
17
51
11
27
26
60
7
11
6
23
26
57
31
26
6
41
6
15
21
25
8
11
39
6
23
25
24
25
131
6
14
56
19
27
10
33
29
184
85
35
57
9
18
9
29
6
8
116
22
44
14
32
41
7
32
10
34
29
7
76
7
66
41
6
14
6
43
78
9
6
12
111
13
60
50
85
37
43
12
38
10
193
21
26
10
8
12
25
100
43
10
21
13
26
110
12
7
34
72
66
147
72
80
49
47
35
180
6
38
21
33
8
127
175
32
64
109
19
13
20
33
34
60
10
19
43
9
44
7
36
13
10
17
36
21
17
12
46
35
61
29
7
7
22
33
55
10
16
66
156
29
31
45
21
14
22
12
13
28
19
96
47
33
30
13
82
6
10
6
37
71
33
49
34
35
35
18
28
18
21
163
47
53
16
57
6
31
17
6
24
25
29
6
40
102
8
13
9
12
28
78
28
48
24
62
34
31
29
16
6
6
10
20
16
9
21
6
8
40
35
9
21
13
6
46
64
23
6
23
10
13
21
43
7
10
18
42
68
20
140
24
16
23
82
19
65
130
14
31
7
81
17
143
17
21
21
10
15
12
32
7
24
35
30
8
42
49
32
13
22
14
36
45
10
21
34
56
30
24
78
12
28
64
32
40
84
27
39
6
18
6
7
26
23
51
67
17
38
56
7
21
119
7
17
31
24
7
61
29
25
22
71
65
12
84
87
7
22
25
14
32
8
11
14
11
6
20
32
42
57
6
26
9
39
41
13
45
36
12
12
25
31
43
26
29
102
8
45
46
15
99
7
124
30
21
24
34
26
14
26
48
11
20
19
46
48
14
80
6
43
11
6
6
32
37
24
9
59
118
6
8
19
109
24
21
49
7
6
14
8
20
36
7
49
82
22
20
14
6
52
132
61
15
20
66
45
47
30
28
14
22
10
49
75
7
51
61
14
8
8
8
55
11
16
12
79
138
13
14
25
24
23
6
17
10
20
162
97
17
43
13
31
52
15
7
53
21
31
23
6
13
6
16
19
42
14
31
47
39
6
50
10
9
36
20
44
31
56
9
11
17
48
20
14
21
36
48
18
6
66
9
31
25
80
46
13
71
60
43
17
8
14
62
44
8
88
20
93
11
21
15
56
20
28
11
14
28
87
35
8
78
47
41
42
33
57
6
21
44
9
23
13
66
119
30
26
99
29
20
7
46
71
59
49
21
34
128
14
32
33
8
23
38
7
37
8
98
22
43
7
6
46
30
9
8
9
6
17
10
15
46
7
9
69
6
74
19
13
67
77
11
60
65
6
64
6
18
25
14
6
7
45
24
67
13
28
54
7
35
28
187
6
18
24
55
8
123
6
37
18
6
11
32
21
26
22
35
17
9
6
16
29
67
11
14
117
53
36
130
6
23
158
40
37
46
58
6
27
82
43
15
17
6
13
71
10
6
125
52
15
8
32
10
41
14
7
78
6
7
85
14
89
7
6
13
36
6
39
25
15
60
8
15
14
21
6
102
6
6
14
60
23
23
14
11
9
33
6
20
34
24
112
51
37
17
70
11
14
12
9
58
32
39
85
21
25
87
15
7
63
16
32
29
69
153
20
56
59
14
59
7
35
69
21
70
74
33
6
6
9
37
6
7
6
6
17
6
6
41
6
26
6
6
6
6
21
6
6
16
22
6
6
94
146
6
18
29
13
43
6
13
14
10
43
11
57
79
65
31
6
49
10
58
20
39
6
67
16
28
54
141
23
35
27
60
61
14
6
20
17
18
27
8
7
126
33
8
8
16
66
86
18
40
44
90
17
12
38
37
57
15
25
74
35
10
15
29
6
17
6
66
34
23
53
21
89
32
7
7
44
22
28
32
25
13
39
70
34
22
74
24
14
196
9
14
10
6
68
21
39
14
10
11
71
6
71
26
9
16
32
92
12
15
85
48
15
6
38
6
176
6
32
61
70
87
55
95
6
6
12
7
9
45
117
14
19
12
7
50
36
26
14
9
32
19
55
43
14
58
46
8
40
82
27
27
13
51
40
31
58
6
27
22
42
59
56
6
159
10
22
7
20
6
6
7
6
7
64
88
91
18
88
13
23
40
19
10
12
24
10
36
80
7
8
6
9
22
8
6
84
7
11
96
10
82
25
7
11
7
6
110
9
17
28
32
13
100
6
21
66
18
56
11
12
115
19
35
7
6
8
54
8
50
6
56
53
28
11
18
15
61
31
42
6
12
6
12
41
22
107
10
24
6
7
30
15
75
7
58
6
47
34
20
48
61
20
22
74
8
50
79
6
10
37
6
38
27
79
16
14
6
6
6
117
46
12
191
26
19
20
74
6
8
6
23
29
112
54
59
6
14
9
59
37
77
31
16
68
21
28
39
32
25
6
16
81
24
10
28
25
66
6
7
32
120
6
6
97
78
100
6
10
22
22
43
18
12
109
20
6
10
6
24
30
34
6
67
12
99
18
131
13
33
51
27
20
93
63
6
23
31
61
8
66
105
12
65
14
10
6
6
39
102
19
7
46
42
18
10
27
43
15
6
75
6
116
24
37
21
37
18
10
27
17
16
83
6
50
6
7
129
34
7
56
8
6
12
11
6
6
65
12
15
28
77
41
6
18
54
19
8
42
7
16
24
6
6
15
29
6
28
64
13
35
7
26
6
6
56
7
8
14
38
8
72
7
74
76
6
21
16
47
24
76
13
6
21
6
43
13
39
8
12
21
52
133
85
29
19
40
22
15
30
13
17
94
15
25
8
22
6
17
27
31
17
10
14
11
25
29
36
38
8
17
74
6
36
60
6
26
6
18
40
6
22
6
21
24
120
38
45
6
27
69
80
47
30
19
13
28
6
44
23
11
9
23
124
10
6
8
38
32
38
7
9
109
29
10
10
113
6
59
29
27
19
28
23
10
8
29
7
11
39
25
138
43
95
97
57
20
30
41
15
16
35
65
35
22
43
20
52
68
73
71
11
12
9
51
33
23
12
11
21
22
45
55
11
71
23
57
17
21
17
26
12
9
63
29
13
9
46
89
38
12
56
20
37
131
20
44
43
25
15
68
66
6
45
14
70
52
14
21
43
40
30
16
14
34
45
12
36
36
11
10
184
55
23
93
20
40
8
23
44
56
20
60
10
8
41
59
154
9
23
108
