41
43
26
13
87
121
39
51
22
18
54
14
40
34
44
50
53
27
16
19
135
56
49
19
24
37
25
57
39
12
10
12
38
34
51
90
12
20
97
26
107
75
34
19
75
32
29
43
58
37
51
11
10
31
17
24
12
16
46
30
36
26
104
18
10
60
11
38
18
80
43
22
12
13
9
29
14
35
11
400
34
12
48
13
129
81
28
35
20
42
11
24
11
42
132
13
59
27
63
26
10
27
48
95
52
49
59
52
25
76
28
60
22
96
88
49
28
26
17
11
13
108
14
30
10
33
20
91
24
57
53
46
59
12
36
33
31
61
45
26
9
20
31
144
111
69
33
31
68
12
54
20
27
9
14
31
56
108
22
25
101
43
19
63
12
20
21
12
26
93
9
10
17
46
94
51
12
19
9
26
28
46
25
51
14
23
54
22
56
10
9
12
9
58
41
9
10
28
47
58
24
64
9
9
9
18
32
9
18
30
9
12
35
9
63
101
38
33
9
9
64
28
20
24
14
10
39
13
20
16
13
37
32
12
15
9
64
28
21
16
12
33
16
62
63
23
32
18
34
12
28
56
23
41
32
75
45
66
67
22
28
33
49
66
22
40
30
30
12
48
39
33
18
25
56
29
59
16
59
9
32
9
77
14
26
35
12
19
53
9
30
13
11
12
89
17
10
48
26
55
68
38
68
79
71
41
11
44
13
41
121
12
21
9
133
23
17
11
24
38
28
17
13
9
14
35
89
30
18
9
34
25
68
52
9
45
9
10
10
13
129
56
62
29
20
46
13
14
18
38
76
92
28
35
82
39
43
38
21
54
23
48
66
12
9
15
28
40
74
64
11
26
14
35
18
66
34
67
58
16
33
101
9
96
10
10
15
38
29
60
61
141
25
27
9
41
27
86
23
81
13
40
13
22
11
14
30
92
26
19
32
12
18
33
19
39
38
9
21
9
9
10
44
10
43
25
9
21
21
24
106
23
22
48
59
20
61
12
54
10
85
21
95
65
9
31
25
9
23
11
38
35
16
39
29
49
12
101
14
13
44
10
10
17
34
9
9
56
13
14
18
11
78
24
15
130
11
26
18
23
108
18
33
12
30
10
30
25
24
106
91
37
33
16
21
50
28
44
19
22
16
28
50
9
53
31
13
15
129
31
37
13
11
50
47
1
22
24
26
127
24
44
31
26
12
46
22
50
12
11
30
49
17
25
49
14
11
27
7
23
49
12
54
48
8
8
20
11
90
11
105
37
11
10
21
42
34
25
34
19
78
29
25
105
8
6
6
8
28
74
8
17
15
54
6
9
7
43
6
37
12
41
6
21
6
23
78
13
19
17
15
20
44
9
79
11
7
6
44
11
19
6
15
45
36
32
17
35
7
53
6
6
8
33
42
16
31
36
36
13
11
7
38
6
6
5
5
5
5
5
5
5
5
51
76
155
54
16
43
24
51
12
63
228
86
106
30
26
61
93
49
25
39
11
39
44
76
18
53
5
14
31
27
32
66
59
39
42
23
24
11
19
56
5
44
52
12
5
5
24
6
5
5
5
51
5
5
5
5
5
5
5
5
5
26
16
5
5
113
19
46
141
215
61
24
106
20
7
16
28
22
44
9
14
31
16
17
12
26
52
6
42
16
13
6
32
18
21
10
29
37
23
32
5
5
5
12
6
115
40
8
13
89
-1
8
31
21
12
17
156
18
35
9
31
40
34
46
148
18
15
58
36
-1
29
71
26
11
24
9
41
74
59
56
46
60
127
167
35
16
5
5
5
5
5
5
5
6
5
6
5
7
5
5
5
5
5
5
5
11
19
6
14
13
6
17
57
23
51
101
29
6
59
10
5
30
14
101
66
6
42
24
6
20
6
5
5
7
7
5
5
6
19
5
5
15
5
5
5
5
14
6
28
54
54
5
21
56
5
29
23
18
35
45
66
21
43
45
55
25
5
14
10
36
40
27
51
20
8
12
29
30
7
11
27
46
16
15
43
143
34
33
24
33
102
88
24
18
8
5
22
5
16
33
24
19
36
25
63
19
69
25
6
45
11
86
20
170
83
25
89
6
25
14
38
35
48
40
32
28
9
44
13
48
5
30
7
57
10
64
27
106
27
31
48
22
16
16
8
131
69
28
38
39
6
64
40
22
8
65
38
21
86
57
8
24
23
80
18
46
62
48
43
66
27
6
16
41
55
19
34
8
104
33
34
10
24
42
66
7
103
21
39
78
16
20
39
17
50
11
41
27
37
11
24
21
14
24
53
64
17
16
30
25
5
5
37
9
32
31
50
22
10
100
13
8
11
55
11
36
139
34
16
46
9
22
14
16
38
43
14
33
71
5
8
37
8
48
54
31
29
18
72
15
40
19
7
36
13
24
30
39
132
36
38
88
7
57
35
73
56
78
37
8
14
16
7
52
32
19
11
65
30
45
12
13
19
31
23
24
22
10
11
32
39
20
63
40
13
10
50
17
25
9
11
41
23
34
8
20
15
66
25
23
10
25
7
20
8
8
11
52
10
14
9
28
7
17
31
14
12
32
19
7
30
26
25
82
72
12
8
14
68
19
9
22
38
9
15
10
22
23
72
36
12
9
10
59
7
25
25
31
29
10
9
32
14
48
22
22
9
34
7
13
53
29
16
9
19
9
24
21
13
7
35
12
19
15
55
40
24
25
8
52
21
16
41
12
8
12
7
13
58
24
23
12
23
35
25
60
31
14
54
47
25
24
